0.0 0.0 38.0 -70.0 0.0 0.0 38.0 69.0 0.0 0.0 0.0 0.0 0.0 0.0 0.0 0.0 0.0 0.0 0.0 0.0 
0.0 0.0 38.0 -70.0 0.0 0.0 38.0 69.0 0.0 0.0 0.0 0.0 0.0 0.0 0.0 0.0 0.0 0.0 0.0 0.0 
0.0 0.0 38.0 -70.0 0.0 0.0 38.0 69.0 0.0 0.0 0.0 0.0 0.0 0.0 0.0 0.0 0.0 0.0 0.0 0.0 
0.0 0.0 38.0 -70.0 0.0 0.0 38.0 69.0 0.0 0.0 0.0 0.0 0.0 0.0 0.0 0.0 0.0 0.0 0.0 0.0 
0.0 0.0 15.0 -46.0 -49.0 -113.0 17.0 32.0 -1.0 98.0 0.0 0.0 0.0 0.0 0.0 0.0 0.0 0.0 0.0 0.0 
35.0 221.0 9.0 19.0 -14.0 -151.0 7.0 27.0 -82.0 145.0 0.0 0.0 0.0 0.0 0.0 0.0 0.0 0.0 0.0 0.0
19.0 -19.0 34.0 -28.0 -49.0 -136.0 7.0 32.0 18.0 103.0 13.0 -14.0 -44.0 -10.0 0.0 0.0 0.0 0.0 0.0 0.0 
19.0 -19.0 34.0 -28.0 -87.0 -137.0 7.0 32.0 -1.0 127.0 13.0 -14.0 -46.0 -5.0 0.0 0.0 0.0 0.0 0.0 0.0 
19.0 -19.0 -101.0 0.0 -21.0 29.0 -62.0 28.0 31.0 16.0 20.0 3.0 -46.0 -5.0 0.0 0.0 0.0 0.0 0.0 0.0 
19.0 -19.0 -101.0 0.0 -21.0 29.0 -143.0 62.0 31.0 16.0 20.0 3.0 -46.0 -5.0 0.0 0.0 0.0 0.0 0.0 0.0 
19.0 -19.0 -48.0 37.0 91.0 -86.0 -19.0 31.0 24.0 93.0 20.0 3.0 -46.0 -5.0 0.0 0.0 0.0 0.0 0.0 0.0 
19.0 -19.0 -47.0 -17.0 91.0 -86.0 -134.0 -9.0 24.0 93.0 20.0 3.0 -46.0 -5.0 0.0 0.0 0.0 0.0 0.0 0.0 
19.0 -19.0 -63.0 28.0 91.0 -86.0 9.0 0.0 -8.0 132.0 20.0 3.0 -46.0 -5.0 0.0 0.0 0.0 0.0 0.0 0.0 
19.0 -19.0 -203.0 17.0 61.0 -23.0 47.0 42.0 25.0 19.0 20.0 3.0 -46.0 -5.0 0.0 0.0 0.0 0.0 0.0 0.0 
19.0 -19.0 -69.0 30.0 61.0 -23.0 -119.0 38.0 25.0 19.0 20.0 3.0 -46.0 -5.0 0.0 0.0 0.0 0.0 0.0 0.0 
19.0 -19.0 -199.0 20.0 61.0 -23.0 28.0 48.0 25.0 19.0 20.0 3.0 -46.0 -5.0 0.0 0.0 0.0 0.0 0.0 0.0 
19.0 -19.0 34.0 310.0 61.0 -23.0 -196.0 -9.0 25.0 19.0 20.0 3.0 -46.0 -5.0 0.0 0.0 0.0 0.0 0.0 0.0
0.0 0.0 -58.0 18.0 -47.0 -62.0 -86.0 -8.0 128.0 71.0 0.0 0.0 -2.0 -61.0 0.0 0.0 3.0 50.0 0.0 0.0 
0.0 0.0 227.0 12.0 -318.0 70.0 -86.0 -8.0 -34.0 94.0 -18.0 142.0 -2.0 -61.0 13.0 32.0 -14.0 -99.0 0.0 0.0
2.0 4.0 -92.0 -41.0 -23.0 -38.0 21.0 72.0 0.0 0.0 0.0 0.0 0.0 0.0 0.0 0.0 0.0 0.0 0.0 0.0 
2.0 4.0 41.0 -78.0 -24.0 -71.0 54.0 68.0 0.0 0.0 0.0 0.0 0.0 0.0 0.0 0.0 0.0 0.0 0.0 0.0 
2.0 4.0 -123.0 -21.0 -24.0 -71.0 54.0 68.0 0.0 0.0 0.0 0.0 0.0 0.0 0.0 0.0 0.0 0.0 0.0 0.0 
2.0 4.0 42.0 -72.0 -24.0 -71.0 54.0 68.0 0.0 0.0 0.0 0.0 0.0 0.0 0.0 0.0 0.0 0.0 0.0 0.0 
